              precision    recall  f1-score   support

           0       0.50      0.47      0.48      1000
           1       1.00      1.00      1.00      1000
           2       1.00      1.00      1.00      1000
           3       1.00      1.00      1.00      1000
           4       0.50      0.53      0.52      1000
           5       1.00      1.00      1.00      1000
           6       1.00      1.00      1.00      1000
           7       1.00      1.00      1.00      1000
           8       1.00      1.00      1.00      1000
           9       1.00      1.00      1.00      1000

    accuracy                           0.90     10000
   macro avg       0.90      0.90      0.90     10000
weighted avg       0.90      0.90      0.90     10000
